wuhmbspjnfviogqzldrcxtaeyk
1000
21 21
4 5
13 13
26 26
25 25
1 2
16 16
3 3
11 12
12 13
3 4
2 3
20 20
8 9
2 4
23 24
15 16
25 25
15 15
25 26
25 26
15 15
18 20
17 19
4 7
10 13
21 23
4 7
6 9
6 7
8 10
2 3
2 3
11 12
13 16
25 25
20 21
2 5
20 20
24 25
6 7
26 26
5 5
17 17
19 21
17 17
3 6
10 13
16 19
15 16
15 18
13 15
3 6
1 4
13 13
9 12
20 21
23 26
24 26
17 17
13 15
16 16
19 20
17 20
14 17
1 4
23 25
1 2
6 7
11 11
25 25
11 14
16 16
18 20
3 4
24 26
20 20
21 23
11 12
11 11
12 12
4 4
16 17
12 14
22 23
14 15
15 15
5 7
3 5
14 16
21 24
4 6
21 22
25 26
2 4
21 24
23 23
21 21
24 24
9 10
12 13
5 7
16 16
16 19
12 15
12 12
3 6
4 6
25 25
6 7
20 21
9 11
4 4
26 26
5 6
23 24
25 25
15 17
3 5
14 14
20 23
14 17
11 12
18 21
23 25
6 9
1 4
18 21
17 17
8 10
18 20
16 18
1 2
10 11
4 6
10 12
5 6
10 10
10 10
2 4
14 15
3 3
20 20
16 16
25 26
8 10
16 19
17 19
9 10
24 24
6 7
15 16
20 23
17 17
7 7
18 19
25 26
18 20
10 12
10 10
21 21
15 16
7 9
4 6
6 7
9 11
25 26
12 14
21 24
9 10
8 9
24 25
20 22
26 26
18 19
23 24
16 16
24 24
17 19
14 14
3 6
20 21
13 16
17 17
2 3
6 7
19 20
4 4
1 2
5 8
16 16
23 25
6 7
25 26
4 4
12 14
8 10
18 21
4 5
8 11
6 6
4 7
19 22
19 19
1 3
4 6
17 17
16 18
19 20
22 23
13 15
4 7
5 7
17 18
26 26
26 26
12 13
1 3
26 26
3 6
18 19
3 4
26 26
26 26
4 6
17 20
22 25
22 24
19 19
25 26
2 4
12 14
24 26
1 2
15 18
24 26
10 12
6 7
26 26
14 15
20 21
23 25
17 20
8 8
17 20
18 18
1 1
11 11
22 24
21 21
17 17
22 22
6 8
3 5
26 26
7 7
14 15
13 16
20 21
26 26
16 17
22 23
10 13
6 6
22 23
22 22
17 19
13 14
2 3
18 21
7 10
20 21
7 8
23 24
11 12
17 19
8 9
13 13
21 24
14 17
10 12
3 3
7 10
20 23
22 25
15 15
6 7
26 26
23 24
24 25
21 24
15 16
24 24
12 15
13 15
5 7
22 25
8 10
9 12
7 8
6 6
10 10
8 11
8 11
12 15
16 18
6 8
19 22
11 12
5 5
15 17
21 23
20 20
15 17
3 5
3 3
16 16
20 20
14 16
8 8
19 19
15 15
3 6
10 10
22 22
2 5
6 9
16 18
14 17
4 5
6 6
1 1
20 20
20 20
12 12
7 8
22 23
3 5
20 22
3 5
20 20
20 22
3 4
16 17
9 11
15 15
15 15
3 3
6 6
18 20
12 14
17 17
23 23
22 24
4 4
25 25
21 23
8 10
17 20
21 21
11 12
12 12
15 17
16 18
7 10
15 16
1 1
1 3
10 12
24 26
9 10
12 14
6 6
24 25
25 25
18 19
2 5
12 13
19 20
11 13
1 1
13 13
15 15
17 17
21 23
8 8
11 13
18 21
1 1
22 23
8 9
2 5
18 18
11 11
15 17
2 2
22 22
17 17
2 3
11 13
10 12
24 26
1 4
4 7
2 4
3 5
15 16
5 8
14 16
17 18
13 14
6 9
12 12
13 13
18 18
25 26
9 11
3 6
18 19
19 19
6 7
10 12
1 1
21 23
22 23
17 17
1 2
10 10
17 19
25 26
2 3
26 26
14 17
21 23
25 25
5 7
1 4
2 4
7 9
11 12
10 12
18 18
8 10
24 25
14 15
20 23
20 22
18 19
6 6
22 22
15 16
12 12
16 16
14 15
13 16
11 12
13 15
17 20
10 10
13 15
23 26
5 5
23 25
20 22
15 17
3 4
15 15
17 17
25 25
17 20
13 15
8 11
21 23
16 19
12 15
21 24
13 13
13 13
26 26
11 13
6 7
15 18
18 20
14 16
25 26
26 26
24 24
1 1
8 8
26 26
14 14
10 13
11 11
20 22
16 19
8 8
8 10
13 14
2 5
20 22
1 3
25 26
16 16
17 19
23 24
9 11
14 17
18 19
24 26
9 12
18 21
21 22
14 15
22 23
10 10
20 20
10 10
2 4
14 15
17 18
20 21
10 11
22 24
11 14
22 25
10 10
15 16
8 8
21 24
16 19
19 20
8 11
1 3
11 11
23 24
10 11
14 17
26 26
19 19
16 19
25 25
26 26
22 23
4 6
6 8
13 15
16 16
25 25
18 21
4 7
1 3
4 6
12 13
19 21
16 16
22 23
16 18
12 15
20 20
6 8
2 5
23 24
17 19
21 22
5 8
17 19
16 16
20 20
2 4
17 20
12 14
26 26
23 25
11 13
4 6
14 17
16 16
17 18
2 4
11 13
7 9
25 25
8 9
1 1
18 20
2 5
11 11
26 26
26 26
9 10
22 22
16 17
2 2
24 25
4 4
14 14
15 17
6 6
26 26
10 13
22 23
25 26
13 13
21 21
6 7
20 21
26 26
4 7
24 25
20 21
20 23
10 10
19 21
7 10
23 23
5 7
15 18
4 6
9 11
15 18
18 21
2 3
26 26
24 24
1 4
8 8
1 4
19 20
6 9
25 26
7 10
13 13
14 14
15 17
15 18
24 25
21 24
15 15
11 14
20 22
25 25
22 24
18 18
23 26
19 20
17 17
9 12
13 13
22 25
8 9
10 12
4 4
9 11
16 19
15 17
11 13
11 12
12 12
16 16
19 22
13 14
17 19
22 25
9 11
23 25
22 24
22 23
13 16
12 15
20 20
7 8
12 13
21 22
9 9
1 1
17 17
20 23
6 6
14 16
12 12
4 4
11 12
13 16
4 6
4 6
26 26
12 12
5 6
3 6
2 2
7 7
6 7
22 25
12 12
7 7
20 22
16 16
3 5
26 26
22 24
15 15
14 17
13 14
19 19
4 7
26 26
22 22
18 21
18 20
18 20
24 26
26 26
22 24
7 9
13 15
3 4
20 22
10 13
16 16
16 17
7 10
4 7
16 19
6 9
18 20
16 17
18 21
10 13
26 26
20 20
8 11
10 13
20 23
20 22
22 25
6 6
18 20
11 11
5 6
14 14
18 18
23 25
12 15
20 23
23 25
2 5
7 10
7 9
3 6
18 18
26 26
11 11
1 3
11 13
16 16
10 12
8 10
16 17
3 4
9 10
5 7
4 4
16 19
14 17
19 20
7 7
14 15
18 19
6 9
21 22
2 2
6 6
10 10
21 23
3 4
17 18
5 6
15 16
7 10
5 7
25 25
26 26
5 6
1 2
6 6
13 13
19 20
7 8
3 3
7 7
15 16
6 6
12 14
23 23
26 26
11 13
5 6
16 19
1 4
23 24
24 25
4 6
10 11
23 24
3 4
21 24
2 2
23 23
10 12
9 12
24 26
23 26
7 10
18 18
15 16
10 13
1 2
20 20
1 2
3 4
15 16
7 7
19 20
2 5
12 12
10 11
17 17
10 12
8 10
8 9
20 23
23 24
14 17
13 14
2 2
6 8
25 25
14 14
5 5
13 16
21 23
1 2
9 11
12 12
19 21
17 19
5 8
23 23
4 6
18 21
24 25
15 17
26 26
14 17
3 4
12 12
4 4
19 19
10 10
11 12
11 14
8 8
23 23
19 21
13 13
6 8
16 17
15 18
10 11
19 21
18 18
18 20
8 10
22 22
9 9
24 24
4 4
17 17
7 7
15 16
22 22
6 7
14 15
18 20
2 5
11 11
18 18
11 13
5 6
21 21
12 13
12 13
10 11
24 26
18 21
6 6
20 21
21 22
15 15
25 25
5 5
1 4
9 9
3 6
12 13
24 24
2 5
25 26
11 14
14 15
9 12
23 26
2 2
5 6
14 16
13 13
7 10
5 8
18 18
22 22
21 23
10 10
17 17
18 18
19 20
23 26
17 20
4 5
6 6
10 10
24 26
25 26
26 26
6 6
14 14
23 23
22 23
18 20
12 13
5 8
12 15
17 20
19 21
3 3
26 26
11 14
4 4
18 19
18 18
21 22
18 20
13 14
22 25
10 12
8 9
12 14
7 10
2 2
5 7
21 24
23 23
17 18
15 15
8 9
24 26
16 16
4 7
24 24
4 4
15 18
9 12
24 24
4 7
16 18
19 19
3 6
13 14
18 18
25 26
14 16
14 16
11 13
19 22
6 6
17 20
23 24
12 13
15 15
21 24
22 24
7 9
8 11
26 26
22 25
9 9
4 7
23 23
21 23
21 24
25 26







1
2
1
1
1
2
1
1
2
2
2
2
1
2
3
2
2
1
1
2
2
1
3
3
4
4
3
4
4
2
3
2
2
2
4
1
2
4
1
2
2
1
1
1
3
1
4
4
4
2
4
3
4
4
1
4
2
4
3
1
3
1
2
4
4
4
3
2
2
1
1
4
1
3
2
3
1
3
2
1
1
1
2
3
2
2
1
3
3
3
4
3
2
2
3
4
1
1
1
2
2
3
1
4
4
1
4
3
1
2
2
3
1
1
2
2
1
3
3
1
4
4
2
4
3
4
4
4
1
3
3
3
2
2
3
3
2
1
1
3
2
1
1
1
2
3
4
3
2
1
2
2
4
1
1
2
2
3
3
1
1
2
3
3
2
3
2
3
4
2
2
2
3
1
2
2
1
1
3
1
4
2
4
1
2
2
2
1
2
4
1
3
2
2
1
3
3
4
2
4
1
4
4
1
3
3
1
3
2
2
3
4
3
2
1
1
2
3
1
4
2
2
1
1
3
4
4
3
1
2
3
3
3
2
4
3
3
2
1
2
2
3
4
1
4
1
1
1
3
1
1
1
3
3
1
1
2
4
2
1
2
2
4
1
2
1
3
2
2
4
4
2
2
2
2
3
2
1
4
4
3
1
4
4
4
1
2
1
2
2
4
2
1
4
3
3
4
3
4
2
1
1
4
4
4
3
3
4
2
1
3
3
1
3
3
1
1
1
3
1
1
1
4
1
1
4
4
3
4
2
1
1
1
1
1
2
2
3
3
3
1
3
2
2
3
1
1
1
1
3
3
1
1
3
1
1
3
3
4
1
2
1
3
3
4
2
1
3
3
3
2
3
1
2
1
2
4
2
2
3
1
1
1
1
3
1
3
4
1
2
2
4
1
1
3
1
1
1
2
3
3
3
4
4
3
3
2
4
3
2
2
4
1
1
1
2
3
4
2
1
2
3
1
3
2
1
2
1
3
2
2
1
4
3
1
3
4
3
3
2
3
1
3
2
2
4
3
2
1
1
2
1
1
2
4
2
3
4
1
3
4
1
3
3
3
2
1
1
1
4
3
4
3
4
4
4
1
1
1
3
2
4
3
3
2
1
1
1
1
1
1
4
1
3
4
1
3
2
4
3
3
2
1
3
2
3
4
2
3
4
4
2
2
2
1
1
1
3
2
2
2
2
3
4
4
1
2
1
4
4
2
4
3
1
2
2
4
1
1
4
1
1
2
3
3
3
1
1
4
4
3
3
2
3
1
2
3
4
1
3
4
2
3
2
4
3
1
1
3
4
3
1
3
3
3
4
1
2
3
3
3
1
2
1
3
4
1
1
1
2
1
2
1
2
1
1
3
1
1
4
2
2
1
1
2
2
1
4
2
2
4
1
3
4
1
3
4
3
3
4
4
2
1
1
4
1
4
2
4
2
4
1
1
3
4
2
4
1
4
3
1
3
1
4
2
1
4
1
4
2
3
1
3
4
3
3
2
1
1
4
2
3
4
3
3
3
2
4
4
1
2
2
2
1
1
1
4
1
3
1
1
2
4
3
3
1
1
2
4
1
1
2
4
1
1
3
1
3
1
3
1
4
2
1
4
1
1
4
3
3
3
1
3
3
3
2
3
4
1
2
4
4
4
4
3
2
4
4
1
1
4
4
4
3
4
1
3
1
2
1
1
3
4
4
3
4
4
3
4
1
1
1
3
3
1
3
3
2
2
2
3
1
4
4
2
1
2
2
4
2
1
1
1
3
2
2
2
2
4
3
1
1
2
2
1
1
2
2
1
1
2
1
3
1
1
3
2
4
4
2
2
3
2
2
2
4
1
1
3
4
3
4
4
1
2
4
2
1
2
2
2
1
2
4
1
2
1
3
3
2
4
2
4
2
1
3
1
1
1
4
3
2
3
1
3
3
4
1
3
4
2
3
1
4
2
1
1
1
1
2
4
1
1
3
1
3
2
4
2
3
1
3
3
1
1
1
1
1
1
2
1
2
2
3
4
1
1
3
2
1
2
2
2
3
4
1
2
2
1
1
1
4
1
4
2
1
4
2
4
2
4
4
1
2
3
1
4
4
1
1
3
1
1
1
2
4
4
2
1
1
3
2
1
1
1
1
2
3
2
4
4
4
3
1
1
4
1
2
1
2
3
2
4
3
2
3
4
1
3
4
1
2
1
2
3
1
4
1
1
4
4
1
4
3
1
4
2
1
2
3
3
3
4
1
4
2
2
1
4
3
3
4
1
4
1
4
1
3
4
2